1
2 hexagonal 4 8 30
4
6
8
10
3 rectangular
4
5 2
6
7 3
8
9 6
10
11 0 0
12 0
11 1 3
12 1
13 0 0 0
13 0 1 1
13 0 2 2
13 0 3 1
13 0 4 1
13 0 5 2
13 1 0 1
13 1 1 0
13 1 2 1
13 1 3 1
13 1 4 1
13 1 5 1
13 2 0 2
13 2 1 1
13 2 2 0
13 2 3 2
13 2 4 1
13 2 5 1
13 3 0 1
13 3 1 1
13 3 2 2
13 3 3 0
13 3 4 1
13 3 5 2
13 4 0 1
13 4 1 1
13 4 2 1
13 4 3 1
13 4 4 0
13 4 5 1
13 5 0 2
13 5 1 1
13 5 2 1
13 5 3 2
13 5 4 1
13 5 5 0


14 0 0
14 0 1
14 0 2
14 0 3
14 0 4
14 0 5
14 1 0
14 1 1
14 1 2
14 1 3
14 1 4
14 1 5
14 2 0
14 2 1
14 2 2
14 2 3
14 2 4
14 2 5
14 3 0
14 3 1
14 3 2
14 3 3
14 3 4
14 3 5
14 4 0
14 4 1
14 4 2
14 4 3
14 4 4
14 4 5
14 5 0
14 5 1
14 5 2
14 5 3
14 5 4
14 5 5
0
